2803301701
2375086267
1050395697
2384122784
1815207383
2566121453
1682207150
1652484947
1750553234
1650111241
1855514017
1393100891
2610622521
1749604875
2120587097
1687040052
1653681694
1907647761
1775638471
2554457164
2261730483
1943180394
1962705315
1642482194
1421452137
1642512402
1615813834
1718493627
1654815470
2462605080
1657236125
1649252577
1648948823
1656033680
1449935661
1700827801
1844007143
1611935011
1678221494
1315591982
1676416442
1981819331
1738690784
1644225642
1703395694
1739964112
1418165693
1925349851
1791801773
1252512150
1796087453
1784473157
1663937380
2810373291
1819318401
1589353923
1642088277
2286908003
1726918143
1744347792
1655526104
1508453695
1890733600
2247798535
1708813312
1752231637
1830644114
1658402750
1988800805
2125244267
1698233740
1699432410
1991467335
1823184085
1847123567
1895431523
2355907320
1664176597
1675509012
1667925927
1278485542
1649608047
1905687615
1644676117
1642471052
1660387637
1708729084
1826017320
1770458943
1654203637
1772302330
1644983660
1704103183
1850649324
1886161920
2191812860
2043040365
1986534745
2191848774
1896650227
1716393671
1746250183
1729793997
1642634100
1069205631
1774501890
1642591402
1640337222
1249729383
1644291782
2031760143
1642585887
1499104401
1765148101
1655524143
1270492934
1638782947
1497996114
1655537257
2245266941
1642624462
1225314032
1775895885
1911494725
1904183207
2486134071
1642632024
1046561220
1773014872
1234849602
1969890953
1974808274
2121786037
2757394263
2293532401
1974561081
1929329727
1938424152
1988800805
1267454277
1856404484
1900552512
2162418640
1900552512
1644213993